Time,acce_x,acce_y,acce_z,gyro_x,gyro_y,gyro_z
0.000010,0.09,0.08,1.06,-0.43,0.77,-0.03
0.000020,0.08,0.08,1.06,-0.94,-2.61,-0.08
0.000030,0.08,0.07,1.06,-0.36,-3.47,0.30
0.000050,0.08,0.07,1.06,-0.52,-2.69,0.36
0.000060,0.08,0.07,1.08,-0.63,-0.71,0.63
0.000070,0.06,0.08,1.07,-1.55,-2.79,0.48
0.000090,0.06,0.08,1.07,-1.03,-2.31,0.52
0.000100,0.07,0.08,1.07,-0.49,-3.29,-0.01
0.000110,0.07,0.09,1.08,-1.45,-5.15,-0.04
0.000130,0.11,0.07,1.07,-1.38,0.24,0.99
0.000140,0.09,0.07,1.08,-1.79,0.63,1.47
0.000150,0.08,0.06,1.08,-1.79,-0.68,1.73
0.000160,0.09,0.04,1.08,-1.20,-1.05,2.57
0.000180,0.06,0.04,1.08,-0.79,-2.15,2.57
0.000190,0.06,0.03,1.07,-1.57,-4.24,1.67
0.000200,0.08,0.03,1.05,-1.11,-2.73,0.67
0.000220,0.10,0.04,1.03,-0.36,-4.95,-0.16
0.000230,0.13,0.05,1.03,2.05,-7.31,-0.34
0.000240,0.16,0.07,1.06,4.09,-4.37,0.52
0.000260,0.17,0.08,1.08,3.56,-3.02,1.98
0.000270,0.18,0.08,1.12,2.94,1.99,4.45
0.000280,0.13,0.05,1.15,0.53,3.66,6.66
0.000300,0.07,0.03,1.16,-1.52,5.97,6.98
0.000310,0.02,0.01,1.15,-1.82,7.49,5.97
0.000320,0.02,-0.01,1.17,-0.83,10.92,6.05
0.000340,-0.02,-0.02,1.18,-0.47,10.66,5.47
0.000350,-0.03,-0.04,1.21,-2.03,8.50,4.15
0.000360,-0.03,-0.06,1.21,-3.09,10.63,2.24
0.000380,-0.01,-0.06,1.21,-5.42,11.47,2.13
0.000390,-0.04,-0.04,1.23,-6.31,14.01,2.90
0.000400,-0.07,-0.01,1.25,-7.36,12.60,1.76
0.000420,-0.09,0.00,1.20,-7.43,8.92,-1.84
0.000430,-0.07,0.02,1.16,-7.69,4.68,-6.31
0.000440,-0.04,0.05,1.11,-6.15,1.95,-9.67
0.000460,0.01,0.08,1.09,-3.21,-0.66,-11.08
0.000470,0.04,0.11,1.09,0.76,-0.99,-8.53
0.000480,0.05,0.16,1.17,0.24,-3.40,-7.60
0.000500,0.07,0.19,1.25,-6.24,-2.05,-8.64
0.000510,0.09,0.20,1.24,-13.98,5.20,-9.05
0.000520,0.15,0.15,1.14,-18.45,8.24,-8.60
0.000530,0.17,0.12,1.06,-20.54,8.42,-5.56
0.000550,0.20,0.06,0.99,-20.99,10.70,-2.60
0.000560,0.16,0.03,0.95,-20.02,10.81,0.27
0.000570,0.15,0.01,0.95,-16.50,14.92,1.60
0.000590,0.09,-0.02,0.95,-12.54,15.76,4.08
0.000600,0.04,-0.03,0.96,-7.98,16.93,2.69
0.000610,0.00,-0.02,0.96,-4.27,12.83,1.34
0.000630,-0.03,0.03,0.98,-1.31,5.90,0.60
0.000640,-0.01,0.08,1.02,4.54,8.94,-2.07
0.000650,-0.01,0.15,1.11,6.85,3.47,-2.07
0.000670,0.01,0.19,1.17,6.56,5.94,-0.93
0.000680,0.03,0.21,1.23,1.80,5.13,2.47
0.000690,0.02,0.23,1.31,-9.84,6.84,8.31
0.000710,-0.02,0.22,1.29,-21.38,12.82,12.74
0.000720,-0.09,0.18,1.22,-29.79,13.81,11.48
0.000730,-0.10,0.12,1.08,-31.66,16.18,7.65
0.000750,-0.12,0.08,1.00,-29.33,13.36,3.58
0.000760,-0.11,0.02,0.93,-22.00,13.91,0.54
0.000770,-0.10,-0.02,0.88,-10.39,12.82,-3.73
0.000790,-0.15,-0.04,0.92,-6.97,-2.97,-10.09
0.000800,-0.09,0.02,0.96,-13.30,-2.73,-9.21
0.000820,-0.08,0.01,0.91,-8.61,-2.58,-13.20
0.000830,-0.03,0.04,0.92,-7.09,-8.23,-15.98
0.000840,0.03,0.05,0.92,-4.45,-7.35,-16.50
0.000860,0.08,0.07,0.92,-2.73,-5.60,-14.01
0.000870,0.09,0.06,0.96,-3.02,-6.08,-11.88
0.000880,0.12,0.06,0.99,-2.33,2.44,-7.06
0.000900,0.06,0.05,1.00,-3.49,0.67,-3.94
0.000910,0.03,0.03,1.01,-3.23,-0.56,-2.03
0.000920,0.01,-0.00,1.01,-2.54,2.02,-1.23
0.000940,-0.05,-0.03,1.02,-2.98,1.65,-1.77
0.000950,-0.07,-0.06,1.02,-2.50,-2.56,-2.51
0.000960,-0.09,-0.06,1.00,0.60,-3.73,-2.86
0.000980,-0.08,-0.06,0.97,3.79,-10.36,-5.84
0.000990,-0.06,-0.05,0.95,6.83,-13.84,-8.76
0.001000,-0.00,-0.03,0.95,10.69,-15.82,-10.33
0.001020,0.03,-0.01,0.99,11.29,-13.69,-8.59
0.001030,0.04,-0.01,1.00,12.27,-11.53,-6.89
0.001040,0.04,0.00,1.02,10.22,-10.85,-6.10
0.001060,0.04,0.01,1.02,8.85,-4.85,-5.33
0.001070,0.01,0.02,1.00,7.95,-4.53,-5.84
0.001080,0.02,0.01,0.94,9.53,-4.89,-8.18
0.001100,0.05,0.01,0.94,14.04,-0.51,-7.83
0.001110,0.04,0.02,0.97,17.53,-4.11,-8.36
0.001120,0.01,0.04,1.02,17.82,-8.68,-7.30
0.001140,0.04,0.03,1.04,16.02,-9.18,-7.48
0.001150,0.07,0.03,1.02,14.78,-5.95,-5.59
0.001160,0.07,0.03,1.01,15.40,-1.08,-4.43
0.001180,0.06,0.04,1.00,17.24,5.74,-2.97
0.001190,0.02,0.04,0.99,19.17,4.83,-2.27
0.001200,0.02,0.03,0.97,22.05,4.45,-0.77
0.001220,-0.03,0.04,1.02,23.52,-1.34,-1.10
0.001230,-0.04,0.05,1.03,25.56,-5.91,-2.92
0.001240,-0.02,0.06,1.04,27.57,-11.08,-4.37
0.001260,0.01,0.08,1.02,28.74,-6.73,-5.51
0.001270,0.02,0.09,0.98,30.56,-8.22,-6.08
0.001280,0.03,0.10,1.00,30.89,-2.81,-6.39
0.001300,0.03,0.12,0.98,31.05,-0.52,-6.34
0.001310,0.01,0.13,0.98,33.24,2.05,-6.86
0.001330,0.01,0.14,0.98,35.21,0.35,-8.02
0.001340,0.04,0.14,0.97,38.14,4.23,-7.44
0.001350,0.01,0.15,0.99,39.49,3.89,-6.95
0.001360,0.01,0.16,0.99,40.37,8.00,-6.75
0.001380,-0.02,0.18,0.99,40.34,6.67,-5.72
0.001390,-0.01,0.18,0.98,42.08,12.56,-6.40
0.001400,-0.04,0.19,0.96,41.79,6.73,-7.03
0.001420,-0.03,0.19,0.96,43.39,8.17,-6.92
0.001430,-0.05,0.22,0.99,42.57,1.53,-5.83
0.001450,-0.06,0.24,0.98,42.05,2.32,-6.04
0.001460,-0.04,0.25,0.93,43.29,2.69,-7.88
0.001470,-0.05,0.27,0.88,46.24,2.54,-9.35
0.001490,-0.03,0.27,0.89,50.42,7.12,-8.74
0.001500,-0.05,0.28,0.90,53.95,5.90,-8.91
0.001510,-0.05,0.32,0.91,56.17,5.15,-9.40
0.001530,-0.05,0.33,0.92,57.11,6.28,-10.75
0.001540,-0.03,0.35,0.93,54.54,2.78,-11.08
0.001550,-0.01,0.36,0.95,51.84,3.56,-9.37
0.001570,-0.03,0.37,0.94,51.92,8.47,-8.54
0.001580,-0.05,0.36,0.91,51.53,6.45,-8.30
0.001590,-0.05,0.38,0.89,52.51,6.64,-8.95
0.001610,-0.04,0.40,0.87,53.90,7.07,-9.17
0.001620,-0.03,0.41,0.87,54.42,6.23,-8.92
0.001630,-0.06,0.43,0.89,53.60,1.16,-7.44
0.001650,-0.06,0.43,0.87,54.87,3.11,-6.71
0.001660,-0.08,0.44,0.88,53.66,-2.87,-7.38
0.001670,-0.08,0.46,0.89,53.89,-4.18,-8.00
0.001690,-0.07,0.47,0.87,55.24,-6.79,-8.92
0.001700,-0.05,0.49,0.84,57.46,-1.98,-8.52
0.001710,-0.04,0.51,0.83,58.17,2.31,-8.58
0.001730,-0.05,0.53,0.83,59.89,1.90,-8.44
0.001740,-0.06,0.53,0.87,62.17,-0.24,-7.45
0.001750,-0.08,0.54,0.88,61.64,-5.72,-6.59
0.001770,-0.09,0.55,0.88,62.78,-6.86,-7.84
0.001780,-0.08,0.57,0.87,62.77,-9.30,-9.18
0.001790,-0.08,0.60,0.89,61.63,-12.92,-10.65
0.001810,-0.05,0.62,0.91,63.48,-10.47,-10.50
0.001820,-0.03,0.64,0.91,63.61,-17.18,-10.54
0.001830,0.01,0.67,0.88,61.64,-14.53,-9.66
0.001850,0.03,0.68,0.84,57.47,-11.27,-9.08
0.001860,0.06,0.66,0.79,56.69,-2.25,-6.47
0.001870,0.03,0.65,0.76,58.47,7.44,-4.58
0.001890,-0.07,0.64,0.78,59.33,9.60,-3.36
0.001900,-0.14,0.61,0.81,63.41,7.57,-3.50
0.001910,-0.20,0.64,0.80,67.79,-2.96,-8.29
0.001930,-0.15,0.68,0.77,69.95,-8.96,-13.10
0.001940,-0.08,0.73,0.75,70.46,-8.36,-16.27
0.001960,-0.01,0.75,0.71,71.40,-2.47,-15.93
0.001970,-0.00,0.78,0.73,69.76,-4.17,-11.60
0.001980,0.01,0.79,0.78,68.22,-2.80,-6.79
0.002000,-0.04,0.79,0.76,64.02,-3.73,-2.86
0.002010,-0.09,0.79,0.71,62.39,-4.50,-3.11
0.002020,-0.12,0.78,0.64,61.69,-9.83,-4.15
0.002040,-0.25,0.82,0.51,64.32,-29.44,-5.78
0.002050,-0.12,0.78,0.49,75.36,-30.69,-8.10
0.002060,-0.04,0.77,0.43,85.35,-26.40,-10.26
0.002080,-0.02,0.75,0.45,97.64,-21.90,-6.80
0.002090,-0.04,0.78,0.55,107.02,3.17,-6.78
0.002100,-0.14,0.86,0.65,104.48,8.60,-9.78
0.002120,-0.15,0.88,0.68,97.76,3.31,-13.92
0.002130,-0.16,0.94,0.67,92.35,-0.36,-20.42
0.002140,-0.10,0.96,0.67,86.28,-8.93,-25.97
0.002160,-0.04,0.98,0.64,78.62,-14.73,-24.40
0.002170,-0.05,0.99,0.54,73.60,-19.28,-20.68
0.002180,0.06,0.94,0.50,85.85,-15.43,-12.27
0.002200,-0.03,0.97,0.49,87.56,-26.15,-7.27
0.002210,-0.02,0.96,0.50,87.80,-24.42,-5.98
0.002230,-0.07,0.99,0.41,87.05,-10.70,-7.15
0.002240,-0.05,0.98,0.38,92.73,-4.56,-12.44
0.002250,-0.02,1.00,0.36,97.21,11.17,-15.68
0.002270,-0.03,1.01,0.37,93.34,11.89,-15.51
0.002280,-0.02,1.00,0.36,90.51,14.27,-12.77
0.002290,-0.07,1.00,0.32,92.92,10.79,-9.86
0.002310,-0.08,1.01,0.31,94.83,2.76,-7.53
0.002320,-0.08,1.04,0.28,96.97,0.34,-7.83
0.002330,-0.09,1.06,0.31,96.79,-1.98,-10.88
0.002350,-0.08,1.08,0.34,91.36,-5.27,-11.73
0.002360,-0.09,1.10,0.32,87.05,-19.85,-9.93
0.002370,-0.04,1.12,0.28,84.06,-26.73,-6.23
0.002390,-0.04,1.13,0.25,85.24,-26.97,-0.80
0.002400,-0.06,1.16,0.27,86.00,-22.88,0.79
0.002410,-0.08,1.13,0.24,84.57,-20.08,-2.67
0.002430,-0.07,1.13,0.17,84.72,-22.45,-5.27
0.002440,-0.02,1.10,0.13,90.97,-14.37,-5.49
0.002460,-0.04,1.11,0.17,97.99,-19.19,-7.60
0.002470,-0.03,1.14,0.25,99.95,-23.65,-6.40
0.002480,-0.03,1.16,0.34,92.88,-32.82,-4.31
0.002500,0.01,1.17,0.37,81.19,-23.95,-3.57
0.002510,0.02,1.16,0.38,64.52,-13.55,-0.14
0.002520,-0.00,1.13,0.28,55.58,7.25,-0.39
0.002540,-0.02,1.11,0.16,53.62,13.22,-0.82
0.002550,-0.06,1.08,0.12,55.69,13.02,-0.53
0.002560,-0.13,1.05,0.10,59.67,7.59,-1.53
0.002580,-0.20,1.04,0.07,66.31,-5.72,-3.04
0.002590,-0.21,1.03,0.09,72.31,-12.06,-5.05
0.002600,-0.20,1.04,0.12,70.41,-15.07,-8.11
0.002620,-0.20,1.08,0.10,67.70,-12.52,-12.15
0.002630,-0.18,1.09,0.11,65.87,-12.34,-13.41
0.002640,-0.17,1.09,0.09,66.24,-8.02,-12.97
0.002660,-0.18,1.09,0.01,66.05,-10.92,-13.52
0.002670,-0.19,1.04,-0.08,67.01,-15.92,-13.89
0.002690,-0.16,1.00,-0.12,67.34,-6.78,-16.16
0.002700,-0.14,0.99,-0.13,68.80,8.30,-16.91
0.002710,-0.21,0.98,-0.23,72.35,16.47,-21.27
0.002730,-0.24,0.97,-0.28,78.75,2.56,-23.27
0.002740,-0.25,0.98,-0.32,87.95,-11.43,-22.62
0.002750,-0.24,1.00,-0.31,89.69,-19.96,-24.34
0.002770,-0.15,1.02,-0.24,87.76,-11.49,-24.34
0.002780,-0.16,1.01,-0.16,82.36,-9.70,-19.15
0.002790,-0.29,1.05,-0.25,64.89,-18.33,-14.69
0.002810,-0.23,0.99,-0.25,69.38,-25.69,-13.31
0.002820,-0.23,1.01,-0.29,67.24,-17.52,-17.28
0.002840,-0.20,1.03,-0.30,67.00,-4.13,-21.93
0.002850,-0.21,1.03,-0.26,74.34,-1.45,-25.34
0.002860,-0.19,1.03,-0.23,80.80,-10.35,-22.97
0.002880,-0.18,1.05,-0.24,87.24,-23.88,-21.91
0.002890,-0.18,1.05,-0.33,90.30,-44.66,-20.53
0.002900,-0.21,1.01,-0.40,88.87,-46.78,-21.03
0.002920,-0.22,0.98,-0.36,80.69,-19.26,-25.28
0.002930,-0.31,0.95,-0.16,59.18,9.42,-34.20
0.002940,-0.28,0.93,-0.15,43.98,21.82,-37.56
0.002960,-0.58,0.77,-0.33,65.32,-13.15,-47.15
0.002970,-0.46,0.73,-0.55,61.71,-21.78,-54.66
0.002990,-0.40,0.78,-0.40,65.69,-19.23,-61.58
0.003000,-0.32,0.73,-0.48,67.09,-5.87,-55.54
0.003010,-0.23,0.77,-0.31,57.51,-17.33,-35.73
0.003030,0.00,0.78,-0.60,50.55,2.95,-30.84
0.003040,-0.47,2.00,0.61,-56.72,-171.32,74.48
0.003050,-0.32,0.76,-0.17,-2.34,5.31,15.00
0.003070,-0.16,0.84,-0.25,-4.33,3.69,-0.53
0.003080,-0.16,0.82,-0.42,0.77,1.73,-9.30
0.003090,-0.16,0.92,-0.39,-0.89,17.53,4.15
0.003110,-0.27,0.84,-0.36,1.18,-5.13,-5.26
0.003120,-0.23,0.86,-0.45,-5.58,5.51,-4.44
0.003130,-0.25,0.85,-0.38,-13.73,13.34,0.43
0.003150,-0.27,0.82,-0.42,-15.31,8.58,2.45
0.003160,-0.27,0.77,-0.42,-18.46,0.31,8.00
0.003170,-0.29,0.80,-0.36,-21.05,-7.79,10.43
0.003190,-0.28,0.85,-0.34,-28.57,-8.59,6.70
0.003200,-0.39,0.97,-0.23,-30.07,-23.81,8.98
0.003220,-0.33,0.94,-0.30,-43.18,-8.11,8.89
0.003230,-0.28,0.90,-0.41,-50.31,1.85,6.23
0.003240,-0.27,0.85,-0.44,-52.53,12.50,4.81
0.003260,-0.31,0.87,-0.39,-55.52,5.74,10.69
0.003270,-0.24,0.84,-0.37,-52.94,-1.47,11.55
0.003280,-0.22,0.86,-0.39,-47.24,-4.89,11.26
0.003300,-0.20,0.89,-0.35,-44.66,2.39,15.00
0.003310,-0.23,0.88,-0.30,-46.61,-2.29,19.03
0.003320,-0.23,0.91,-0.32,-49.37,-4.99,24.00
0.003340,-0.22,0.90,-0.31,-48.59,-5.02,24.02
0.003350,-0.20,0.92,-0.29,-49.21,3.02,21.20
0.003370,-0.18,0.95,-0.30,-47.27,7.23,17.91
0.003380,-0.15,0.97,-0.28,-45.33,2.76,20.92
0.003390,-0.14,0.99,-0.28,-46.40,-0.89,26.09
0.003410,-0.19,1.00,-0.28,-50.69,0.21,29.88
0.003420,-0.24,1.00,-0.25,-53.57,4.71,28.99
0.003430,-0.26,1.00,-0.19,-56.96,4.94,26.24
0.003450,-0.29,1.01,-0.19,-64.26,6.23,24.44
0.003460,-0.30,1.01,-0.23,-64.74,5.01,20.58
0.003470,-0.28,1.00,-0.28,-61.40,1.28,17.01
0.003490,-0.26,1.00,-0.28,-58.18,-1.10,15.01
0.003500,-0.27,1.01,-0.32,-53.00,-6.71,12.80
0.003510,-0.29,1.00,-0.28,-43.84,-13.28,12.12
0.003530,-0.25,0.97,-0.24,-38.24,-12.70,10.20
0.003540,-0.26,1.00,-0.11,-37.28,-17.95,9.38
0.003560,-0.26,1.02,0.03,-46.30,-16.87,14.50
0.003570,-0.25,1.03,-0.01,-53.83,-10.32,16.11
0.003580,-0.26,1.03,-0.01,-64.27,-6.31,13.95
0.003600,-0.21,1.04,-0.05,-70.21,1.10,12.58
0.003610,-0.16,1.05,-0.11,-76.41,9.79,16.04
0.003620,-0.19,1.06,-0.18,-75.11,12.03,15.98
0.003640,-0.21,1.03,-0.19,-69.16,11.42,13.33
0.003650,-0.23,1.03,-0.16,-63.92,7.39,10.09
0.003660,-0.21,1.02,-0.10,-63.26,3.96,10.73
0.003680,-0.22,1.03,-0.06,-64.28,0.82,13.13
0.003690,-0.20,1.02,-0.09,-63.72,0.36,14.39
0.003700,-0.20,1.05,-0.07,-66.23,-0.21,17.61
0.003720,-0.19,1.05,-0.09,-56.14,-2.18,14.73
0.003730,-0.18,1.07,-0.04,-54.63,-9.33,14.56
0.003750,-0.16,1.07,-0.00,-55.46,-13.98,16.69
0.003760,-0.16,1.07,0.03,-57.46,-18.53,18.95
0.003770,-0.17,1.07,0.06,-61.08,-22.26,20.78
0.003790,-0.16,1.08,0.07,-64.50,-22.74,20.12
0.003800,-0.14,1.07,0.06,-66.51,-19.17,19.76
0.003810,-0.13,1.10,0.06,-65.51,-11.36,18.83
0.003830,-0.11,1.13,0.08,-65.69,-6.09,16.91
0.003840,-0.13,1.13,0.12,-70.67,-5.26,17.55
0.003850,-0.15,1.10,0.11,-72.75,-7.45,19.67
0.003870,-0.17,1.09,0.08,-73.29,-11.59,22.04
0.003880,-0.17,1.06,0.09,-72.41,-11.59,20.79
0.003900,-0.17,1.07,0.10,-70.33,-6.82,18.05
0.003910,-0.16,1.07,0.14,-68.39,-4.59,15.64
0.003920,-0.15,1.09,0.19,-69.23,-8.56,14.66
0.003940,-0.13,1.09,0.20,-68.69,-12.05,15.47
0.003950,-0.10,1.08,0.21,-69.73,-12.77,17.65
0.003960,-0.10,1.07,0.21,-70.73,-10.71,20.65
0.003980,-0.11,1.06,0.21,-70.10,-6.21,20.35
0.003990,-0.10,1.07,0.25,-69.96,-1.49,20.75
0.004000,-0.10,1.07,0.27,-70.27,-2.08,20.28
0.004020,-0.11,1.07,0.27,-71.55,-5.08,19.72
0.004030,-0.10,1.07,0.25,-71.33,-7.77,19.53
0.004040,-0.06,1.06,0.29,-72.05,-6.98,19.99
0.004060,-0.06,1.06,0.31,-74.69,-0.59,20.19
0.004070,-0.08,1.06,0.32,-76.07,2.08,19.33
0.004090,-0.09,1.04,0.32,-75.92,-0.13,18.50
0.004100,-0.07,1.02,0.30,-74.73,-3.27,18.94
0.004110,-0.06,1.02,0.28,-71.73,-3.41,18.76
0.004130,-0.04,1.01,0.28,-68.34,0.06,17.27
0.004140,-0.05,0.99,0.32,-67.36,2.31,16.69
0.004150,-0.07,0.96,0.36,-66.61,0.08,16.62
0.004170,-0.06,0.96,0.38,-66.79,-5.59,18.47
0.004180,-0.06,0.94,0.42,-67.06,-9.37,18.98
0.004190,-0.04,0.94,0.41,-67.17,-9.54,18.52
0.004210,-0.03,0.93,0.37,-64.89,-9.12,17.27
0.004220,-0.02,0.92,0.35,-59.98,-12.50,18.10
0.004230,-0.01,0.92,0.38,-55.85,-13.91,18.49
0.004250,0.01,0.93,0.44,-56.33,-10.70,19.77
0.004260,0.01,0.92,0.48,-57.20,-7.21,20.02
0.004270,0.00,0.91,0.53,-60.58,-8.46,20.20
0.004290,0.01,0.90,0.52,-62.71,-8.38,20.36
0.004300,0.04,0.90,0.51,-62.84,-6.38,20.59
0.004310,0.05,0.90,0.54,-63.06,-3.71,21.15
0.004330,0.05,0.89,0.55,-63.36,-0.60,22.37
0.004340,0.05,0.88,0.58,-65.76,1.50,24.30
0.004360,0.03,0.86,0.61,-68.37,-0.40,26.08
0.004370,0.02,0.85,0.60,-70.77,-1.94,26.15
0.004380,0.02,0.83,0.58,-71.34,-1.90,26.05
0.004400,0.03,0.80,0.57,-69.56,0.63,25.72
0.004410,0.01,0.77,0.57,-67.02,0.60,24.09
0.004420,-0.03,0.74,0.59,-62.40,-6.83,23.35
0.004440,-0.04,0.73,0.58,-57.79,-18.63,22.37
0.004450,-0.03,0.73,0.59,-52.57,-21.87,18.49
0.004460,-0.00,0.74,0.64,-50.27,-13.05,13.89
0.004480,0.03,0.76,0.70,-50.44,1.73,8.40
0.004490,0.06,0.79,0.74,-52.72,13.79,5.10
0.004500,0.07,0.80,0.79,-55.11,15.83,4.79
0.004520,0.10,0.79,0.79,-57.69,10.70,7.69
0.004530,0.11,0.76,0.79,-57.31,4.08,11.67
0.004540,0.10,0.72,0.79,-57.86,-0.57,14.39
0.004560,0.08,0.70,0.79,-55.59,-3.33,15.34
0.004570,0.08,0.69,0.79,-56.22,-5.31,15.10
0.004580,0.10,0.70,0.78,-51.12,-3.52,13.90
0.004600,0.12,0.70,0.81,-50.62,-2.41,12.98
0.004610,0.14,0.71,0.82,-49.40,0.48,13.68
0.004620,0.16,0.71,0.84,-51.44,-0.90,16.69
0.004640,0.16,0.70,0.87,-54.55,-2.91,19.82
0.004650,0.14,0.69,0.86,-57.81,-3.32,21.13
0.004660,0.14,0.68,0.83,-60.09,-4.65,23.31
0.004680,0.13,0.67,0.83,-62.17,-3.50,24.77
0.004690,0.13,0.63,0.81,-58.94,-0.82,23.82
0.004700,0.12,0.62,0.79,-57.82,0.95,24.40
0.004720,0.09,0.59,0.81,-55.29,-0.96,24.16
0.004730,0.08,0.58,0.83,-53.18,-6.76,23.41
0.004750,0.08,0.57,0.84,-51.91,-13.07,23.37
0.004760,0.09,0.55,0.87,-53.41,-18.01,24.58
0.004770,0.10,0.53,0.86,-55.17,-15.79,24.34
0.004790,0.10,0.52,0.84,-56.52,-14.37,24.95
0.004800,0.10,0.51,0.85,-57.40,-11.26,24.70
0.004810,0.10,0.50,0.83,-58.62,-5.95,24.05
0.004830,0.11,0.48,0.81,-61.35,0.89,23.80
0.004840,0.15,0.46,0.79,-66.41,9.10,26.17
0.004850,0.12,0.41,0.76,-61.30,12.05,24.73
0.004870,0.11,0.39,0.77,-57.31,8.67,23.90
0.004880,0.10,0.38,0.79,-55.92,7.32,25.24
0.004890,0.09,0.36,0.78,-49.32,1.20,24.39
0.004910,0.13,0.37,0.84,-50.70,-3.23,26.94
0.004920,0.16,0.36,0.90,-52.55,-0.83,29.76
0.004930,0.19,0.36,0.91,-51.15,1.77,30.40
0.004950,0.18,0.36,0.88,-53.17,6.91,31.60
0.004960,0.16,0.35,0.86,-51.48,10.13,30.45
0.004970,0.15,0.32,0.84,-51.38,9.33,29.27
0.004990,0.15,0.29,0.88,-57.86,9.21,31.53
0.005000,0.12,0.27,0.85,-57.69,6.79,32.51
0.005010,0.11,0.26,0.88,-57.43,5.86,30.84
0.005030,0.10,0.24,0.86,-52.51,4.41,24.95
0.005040,0.12,0.24,0.80,-44.37,6.76,19.26
0.005050,0.13,0.23,0.79,-35.88,10.73,16.27
0.005070,0.12,0.20,0.78,-27.96,12.63,13.89
0.005080,0.11,0.18,0.83,-22.17,9.01,14.83
0.005090,0.11,0.18,0.85,-19.47,6.71,16.32
0.005110,0.09,0.18,0.86,-11.89,2.66,15.37
0.005120,0.07,0.19,0.93,-10.68,-0.76,13.58
0.005130,0.07,0.20,0.94,-13.38,0.13,11.76
0.005150,0.09,0.20,0.92,-14.57,-1.79,9.88
0.005160,0.11,0.19,0.88,-10.42,-2.48,7.53
0.005170,0.17,0.21,0.85,-4.96,-0.98,6.99
0.005190,0.19,0.22,0.88,1.54,3.15,7.20
0.005200,0.17,0.23,0.93,3.65,5.79,7.91
0.005210,0.15,0.23,1.01,2.07,8.98,7.55
0.005230,0.12,0.25,1.10,-5.18,8.76,8.41
0.005240,0.13,0.25,1.13,-9.72,6.27,7.89
0.005250,0.17,0.25,1.09,-11.25,3.97,8.98
0.005270,0.18,0.26,1.04,-10.98,3.54,11.44
0.005280,0.18,0.25,1.02,-10.82,3.80,13.24
0.005290,0.14,0.23,1.04,-10.78,2.95,13.14
0.005310,0.13,0.23,1.01,-9.55,4.18,12.09
0.005320,0.11,0.22,1.01,-6.11,4.26,10.77
0.005330,0.11,0.21,1.04,-4.47,8.02,8.74
0.005350,0.12,0.22,1.05,-4.00,12.44,6.18
0.005360,0.13,0.21,1.04,-3.08,14.25,6.47
0.005370,0.12,0.21,1.06,-1.89,11.66,7.66
0.005390,0.09,0.20,1.07,-1.11,8.21,7.27
0.005400,0.07,0.21,1.06,-0.08,6.16,4.63
0.005410,0.08,0.21,1.05,1.06,2.31,1.18
0.005430,0.11,0.22,1.03,2.63,-1.11,-0.53
0.005440,0.16,0.25,1.03,3.90,-3.34,-0.07
0.005450,0.18,0.26,1.05,5.63,-1.31,0.82
0.005470,0.17,0.27,1.07,5.42,1.49,1.02
0.005480,0.15,0.27,1.10,5.21,1.84,0.33
0.005490,0.17,0.30,1.12,-0.80,0.76,1.95
0.005500,0.17,0.28,1.17,-7.19,-0.98,3.98
0.005520,0.15,0.26,1.17,-13.73,-1.59,6.00
0.005530,0.15,0.24,1.15,-17.56,0.00,7.35
0.005540,0.14,0.22,1.09,-19.28,3.32,7.86
0.005560,0.10,0.20,1.05,-17.85,0.80,7.25
0.005570,0.11,0.18,1.01,-14.20,-0.37,5.95
0.005580,0.08,0.17,0.99,-10.06,-0.18,3.75
0.005600,0.10,0.15,0.96,-5.73,0.58,2.37
0.005610,0.07,0.15,1.00,-0.21,-1.11,1.02
0.005620,0.07,0.15,1.04,-0.73,-2.79,-0.02
0.005640,0.08,0.16,1.06,1.21,-6.69,-1.14
0.005650,0.10,0.18,1.05,2.91,-7.37,-1.99
0.005660,0.12,0.20,1.10,2.44,-5.88,-3.19
0.005680,0.15,0.23,1.09,0.34,-2.66,-3.66
0.005690,0.17,0.23,1.08,-0.50,-1.98,-0.89
0.005700,0.17,0.23,1.06,0.22,-3.86,1.62
0.005720,0.18,0.25,1.06,-0.25,-2.45,3.64
0.005730,0.17,0.24,1.09,-2.26,4.03,4.35
0.005740,0.14,0.23,1.08,-4.73,4.33,5.25
0.005760,0.12,0.22,1.07,-6.24,1.63,6.04
0.005770,0.11,0.23,1.06,-8.31,1.47,6.17
0.005780,0.12,0.22,1.04,-9.22,1.57,6.03
0.005800,0.13,0.21,1.06,-10.10,4.71,5.60
0.005810,0.12,0.21,1.05,-9.89,4.81,5.06
0.005820,0.14,0.20,1.03,-8.87,2.55,6.34
0.005840,0.15,0.20,1.01,-6.58,2.71,7.22
0.005850,0.14,0.19,1.01,-4.31,2.68,8.12
0.005860,0.14,0.19,1.00,-2.02,1.40,8.70
0.005880,0.11,0.18,1.02,0.65,-1.81,7.95
0.005890,0.12,0.18,1.04,0.31,1.41,7.12
0.005900,0.11,0.19,1.04,2.44,-1.02,4.88
0.005920,0.13,0.19,1.08,-4.10,6.21,5.96
0.005930,0.14,0.20,1.06,-4.85,10.79,5.11
0.005940,0.13,0.21,1.06,-4.32,9.65,4.73
0.005960,0.14,0.20,1.04,-4.66,6.04,5.74
0.005970,0.16,0.20,1.04,-4.10,3.86,7.65
0.005980,0.14,0.19,1.03,-3.41,6.13,8.19
0.005990,0.11,0.17,1.04,-2.90,9.43,6.92
0.006010,0.08,0.19,1.04,-2.05,8.76,5.92
0.006020,0.08,0.19,1.04,-1.15,4.97,5.37
0.006030,0.07,0.19,1.06,-1.07,1.37,4.97
0.006050,0.08,0.20,1.05,-0.94,-1.07,4.92
0.006060,0.09,0.20,1.04,-0.89,-3.90,4.86
0.006070,0.09,0.19,1.04,-0.08,-4.68,4.46
0.006090,0.08,0.20,1.07,-1.70,-7.47,4.09
0.006100,0.09,0.21,1.09,-0.26,-5.67,2.63
0.006110,0.12,0.20,1.08,-2.88,-3.42,3.18
0.006130,0.12,0.20,1.07,-3.73,-1.81,4.66
0.006140,0.10,0.20,1.06,-4.22,0.25,4.27
0.006150,0.10,0.19,1.06,-3.85,-0.31,3.95
0.006170,0.10,0.20,1.05,-2.92,-3.01,2.93
0.006180,0.10,0.20,1.04,-1.53,-5.23,2.82
0.006190,0.10,0.19,1.05,-1.29,-4.95,2.03
0.006210,0.12,0.19,1.05,-1.66,-4.14,1.65
0.006220,0.12,0.19,1.05,-1.68,-1.71,2.61
0.006230,0.11,0.19,1.06,-1.89,-2.08,2.82
0.006250,0.10,0.20,1.06,-1.93,-2.62,2.96
0.006260,0.09,0.20,1.07,-2.74,-3.13,2.56
0.006270,0.10,0.20,1.06,-3.63,-3.14,2.02
0.006290,0.10,0.20,1.05,-3.70,-3.43,2.13
0.006300,0.10,0.18,1.05,-3.97,-4.17,1.76
0.006310,0.10,0.18,1.06,-4.03,-2.09,1.34
0.006330,0.10,0.17,1.06,-4.82,0.33,0.06
0.006340,0.10,0.18,1.04,-5.02,1.33,0.42
0.006350,0.09,0.18,1.04,-3.92,0.94,-0.12
0.006370,0.09,0.19,1.04,-3.08,-1.67,-0.95
0.006380,0.10,0.19,1.04,-2.96,-2.92,-1.44
0.006390,0.10,0.20,1.06,-1.26,-4.73,-1.38
0.006410,0.12,0.19,1.05,0.83,-6.33,-0.35
0.006420,0.13,0.20,1.05,1.20,-7.93,0.87
0.006430,0.11,0.19,1.10,0.56,-6.31,0.15
0.006450,0.14,0.20,1.07,-0.79,-3.28,-0.11
0.006460,0.12,0.21,1.07,-2.02,-2.57,0.24
0.006470,0.13,0.21,1.08,-4.28,-0.24,-0.32
0.006490,0.13,0.20,1.08,-6.00,0.96,-1.08
0.006500,0.13,0.20,1.06,-7.49,1.66,-1.24
0.006510,0.12,0.19,1.08,-8.51,1.14,-0.76
0.006530,0.12,0.19,1.07,-8.92,0.42,-0.36
0.006540,0.13,0.17,1.04,-8.62,0.32,0.34
0.006550,0.12,0.16,1.00,-6.72,-2.13,0.76
0.006570,0.11,0.15,0.99,-2.28,-4.69,1.89
0.006580,0.09,0.15,0.96,0.96,-5.99,1.71
0.006590,0.08,0.16,1.01,2.73,-3.86,-0.49
0.006610,0.09,0.17,1.06,1.87,-1.50,-2.54
0.006620,0.10,0.19,1.05,0.75,-3.18,-1.75
0.006630,0.11,0.19,1.07,-0.68,-8.22,-1.39
0.006650,0.13,0.19,1.05,-1.05,-9.52,-2.20
0.006660,0.16,0.19,1.01,-0.49,-7.24,-2.12
0.006670,0.17,0.19,1.00,0.66,-4.93,-1.24
0.006690,0.17,0.19,1.00,1.90,-2.80,0.08
0.006700,0.16,0.19,1.01,3.34,-3.12,1.08
