Time,acce_x,acce_y,acce_z,gyro_x,gyro_y,gyro_z
0.000010,0.44,-0.05,0.94,-29.97,53.10,13.62
0.000020,0.46,-0.04,0.95,-22.03,51.25,10.23
0.000030,0.46,-0.04,0.98,-17.01,46.84,8.31
0.000050,0.43,-0.03,1.02,-13.25,46.46,5.11
0.000060,0.41,-0.02,1.04,-12.12,42.37,1.10
0.000070,0.40,-0.02,1.06,-10.32,38.21,-1.60
0.000090,0.37,-0.00,1.06,-8.60,30.56,-4.02
0.000100,0.34,-0.01,1.04,-6.35,20.37,-8.61
0.000110,0.35,-0.01,1.03,-3.86,13.27,-14.27
0.000130,0.34,0.01,1.03,0.44,6.63,-20.12
0.000140,0.23,0.04,0.88,8.06,-16.41,-24.35
0.000150,0.25,0.05,0.99,5.86,-24.15,-34.96
0.000170,0.34,0.04,0.98,17.71,-21.27,-26.93
0.000180,0.49,0.06,1.03,16.60,-40.27,-35.85
0.000190,0.46,0.05,1.03,20.27,-27.04,-36.38
0.000210,0.45,0.05,1.03,32.47,-7.42,-26.06
0.000220,0.44,0.04,1.00,48.41,0.21,-24.76
0.000230,0.39,0.07,1.02,51.40,-8.79,-27.07
0.000250,0.41,0.09,1.03,45.13,-15.63,-32.11
0.000260,0.40,0.12,1.03,41.27,-17.85,-36.12
0.000270,0.43,0.13,1.03,43.92,-17.04,-38.20
0.000290,0.45,0.16,1.00,48.24,-16.11,-35.02
0.000300,0.48,0.18,0.99,44.87,-15.13,-28.52
0.000310,0.48,0.20,0.99,30.95,-19.28,-26.40
0.000330,0.51,0.21,0.98,23.01,-16.38,-17.65
0.000340,0.51,0.21,0.99,20.95,-12.64,-11.60
0.000350,0.48,0.21,1.00,19.68,-11.76,-9.04
0.000370,0.49,0.22,1.00,14.41,-15.77,-5.56
0.000380,0.50,0.21,0.99,6.08,-14.12,-4.11
0.000390,0.48,0.20,0.99,-0.85,-11.80,-1.22
0.000410,0.45,0.18,1.00,-6.06,-10.32,-4.63
0.000420,0.46,0.16,1.01,-4.06,-7.13,2.56
0.000430,0.43,0.16,1.04,-3.71,-8.06,2.76
0.000450,0.38,0.18,1.07,-8.50,-11.92,-1.91
0.000460,0.41,0.16,1.04,-12.63,-10.12,0.03
0.000470,0.40,0.15,1.01,-19.18,-12.35,-4.02
0.000490,0.42,0.16,0.97,-20.41,-12.35,-3.37
0.000500,0.42,0.16,0.97,-18.11,-12.49,-3.62
0.000510,0.42,0.15,0.98,-12.95,-10.58,-2.35
0.000530,0.42,0.15,0.99,-10.35,-11.30,-1.50
0.000540,0.42,0.14,1.02,-11.56,-12.60,-2.41
0.000560,0.44,0.14,1.01,-13.25,-11.11,-0.84
0.000570,0.47,0.14,1.00,-13.51,-8.46,0.84
0.000580,0.48,0.14,0.99,-10.41,-2.92,1.60
0.000600,0.48,0.14,0.97,-6.82,2.15,2.49
0.000610,0.48,0.14,0.99,-3.42,5.77,3.94
0.000620,0.48,0.13,1.00,0.18,7.24,5.34
0.000630,0.48,0.14,1.03,2.95,8.95,7.34
0.000650,0.45,0.14,1.05,4.31,7.65,9.44
0.000660,0.43,0.14,1.04,4.14,3.53,10.05
0.000670,0.42,0.12,1.02,4.31,-1.21,10.53
0.000690,0.42,0.13,1.00,6.17,-4.89,10.75
0.000700,0.42,0.13,0.98,8.18,-7.53,10.82
0.000710,0.41,0.14,0.97,8.99,-6.81,9.51
0.000730,0.43,0.14,0.96,9.25,-5.69,8.93
0.000740,0.45,0.13,0.94,10.69,-2.66,9.54
0.000750,0.44,0.13,0.96,13.22,0.29,9.89
0.000770,0.42,0.14,0.99,14.32,2.98,8.72
0.000780,0.40,0.12,1.01,12.92,3.27,7.30
0.000790,0.39,0.13,1.01,9.92,-0.49,5.85
0.000810,0.40,0.13,1.02,6.00,-1.21,3.74
0.000820,0.40,0.12,0.97,2.73,-1.33,1.22
0.000830,0.41,0.13,0.97,1.36,-0.99,-1.44
0.000850,0.43,0.13,0.97,1.48,1.69,-3.30
0.000860,0.44,0.13,0.99,1.13,4.76,-4.70
0.000870,0.45,0.14,1.01,-1.18,5.88,-5.05
0.000890,0.45,0.13,1.00,-3.92,4.12,-4.90
0.000900,0.45,0.14,1.01,-5.91,2.35,-3.98
0.000910,0.46,0.15,1.01,-8.21,-0.14,-2.72
0.000930,0.46,0.14,0.99,-10.64,-0.41,-0.46
0.000940,0.45,0.13,0.97,-12.70,-0.31,-0.46
0.000950,0.43,0.12,0.96,-12.84,0.61,-2.52
0.000970,0.44,0.12,0.95,-10.79,-0.44,-4.11
0.000980,0.46,0.12,0.97,-7.82,-0.46,-4.20
0.000990,0.47,0.13,0.99,-6.32,-0.34,-2.50
0.001010,0.45,0.12,1.00,-6.79,-2.20,-1.39
0.001020,0.45,0.12,1.01,-8.05,-3.63,-1.54
0.001030,0.46,0.11,1.00,-7.39,-3.71,-1.68
0.001050,0.47,0.10,0.99,-4.70,0.18,-1.44
0.001060,0.47,0.10,1.00,-1.86,5.82,-1.82
0.001070,0.46,0.10,1.03,0.24,6.34,-2.53
0.001090,0.46,0.10,1.04,1.65,3.57,-2.53
0.001100,0.47,0.11,1.05,2.09,-0.64,-0.70
0.001110,0.47,0.12,1.04,1.25,-2.11,2.53
0.001130,0.44,0.12,1.01,-0.55,-2.95,4.85
0.001140,0.43,0.12,0.97,-0.81,-2.06,6.21
0.001150,0.41,0.10,0.95,0.49,-3.91,7.02
0.001160,0.40,0.10,0.95,2.26,-5.47,6.90
0.001180,0.41,0.10,0.95,2.96,-4.02,6.69
0.001190,0.40,0.10,0.94,1.02,-0.76,6.76
0.001200,0.37,0.09,0.93,-0.99,-4.85,2.69
0.001220,0.39,0.09,0.91,0.52,-5.07,0.27
0.001230,0.42,0.10,0.92,3.83,-3.65,-0.93
0.001240,0.43,0.10,0.94,4.98,-1.79,-0.89
0.001260,0.41,0.11,0.95,2.26,-0.61,-1.19
0.001270,0.41,0.11,0.96,0.43,-1.50,-1.11
0.001280,0.42,0.11,0.97,1.11,-1.59,-1.51
0.001300,0.43,0.10,0.98,2.37,-0.32,-1.82
0.001310,0.43,0.12,0.98,2.21,0.05,-2.50
0.001320,0.44,0.13,1.00,1.11,0.47,-2.87
0.001340,0.45,0.13,1.00,-0.27,0.00,-2.64
0.001350,0.45,0.13,1.01,-0.43,-0.75,-1.71
0.001360,0.46,0.13,1.01,0.58,-0.27,-1.31
0.001380,0.46,0.13,1.02,1.34,0.29,-0.96
0.001390,0.45,0.13,1.04,1.01,-0.52,-1.33
0.001400,0.47,0.13,1.05,0.03,-0.38,-1.18
0.001420,0.47,0.14,1.06,-0.31,-1.28,-0.41
0.001430,0.47,0.13,1.06,-0.38,-3.08,0.47
0.001440,0.46,0.14,1.07,0.08,-5.91,1.74
0.001460,0.46,0.13,1.07,0.34,-7.98,1.69
0.001470,0.46,0.13,1.07,-0.02,-8.78,0.85
0.001480,0.47,0.13,1.06,0.90,-8.34,-0.35
0.001500,0.48,0.13,1.08,1.91,-7.45,-0.90
0.001510,0.49,0.15,1.10,1.34,-8.78,-0.18
0.001520,0.51,0.16,1.12,-0.66,-8.15,0.82
0.001540,0.53,0.15,1.15,-3.50,-4.55,3.44
0.001550,0.52,0.15,1.13,-6.02,-3.24,6.26
0.001560,0.52,0.14,1.12,-7.60,0.58,8.24
0.001580,0.50,0.12,1.12,-6.18,2.24,9.66
0.001590,0.47,0.12,1.12,-5.24,3.91,8.53
0.001600,0.47,0.14,1.14,-5.97,4.75,6.17
0.001620,0.46,0.14,1.16,-7.59,4.27,3.76
0.001630,0.47,0.14,1.17,-9.56,2.14,2.27
0.001640,0.49,0.15,1.17,-12.12,1.60,2.08
0.001660,0.50,0.15,1.18,-14.53,2.29,3.11
0.001670,0.51,0.15,1.17,-17.63,4.40,2.64
0.001680,0.52,0.14,1.16,-19.33,8.08,1.53
0.001700,0.53,0.15,1.17,-20.60,11.60,2.44
0.001710,0.52,0.15,1.16,-22.64,13.13,3.30
0.001720,0.51,0.11,1.16,-14.63,11.73,1.27
0.001740,0.51,0.14,1.16,-11.85,14.43,1.63
0.001750,0.43,0.21,1.21,-41.71,5.21,5.91
0.001760,0.53,0.13,1.19,-61.54,-12.50,2.55
0.001780,0.53,0.12,1.15,-36.93,2.40,6.47
0.001790,0.51,0.14,1.12,-28.66,7.69,8.37
0.001800,0.51,0.13,1.13,-28.44,3.50,10.06
0.001820,0.48,0.12,1.13,-27.28,2.15,11.69
0.001830,0.50,0.12,1.14,-26.96,0.66,13.65
0.001840,0.51,0.12,1.16,-24.66,9.42,16.21
0.001860,0.48,0.10,1.13,-23.21,11.62,17.97
0.001870,0.47,0.11,1.14,-34.84,-3.11,14.60
0.001880,0.50,0.09,1.10,-25.22,11.51,18.69
0.001900,0.48,0.08,1.11,-13.73,21.19,22.08
0.001910,0.42,0.10,1.09,-6.89,18.55,21.62
0.001920,0.43,0.10,1.08,-11.60,19.39,20.31
0.001940,0.42,0.09,1.11,-13.47,21.48,18.99
0.001950,0.40,0.08,1.09,-21.95,8.67,14.52
0.001960,0.44,0.09,1.15,-23.44,13.11,13.71
0.001980,0.39,0.17,1.11,-22.66,23.34,20.00
0.001990,0.49,0.05,1.07,-17.59,20.69,21.95
0.002000,0.41,0.06,1.09,-28.29,17.88,19.40
0.002020,0.35,0.05,1.05,-31.94,8.23,19.42
0.002030,0.31,-0.01,1.01,-25.59,5.80,16.43
0.002040,0.32,0.00,1.01,-23.08,2.32,9.98
0.002060,0.30,0.05,0.98,-21.69,-7.02,9.33
0.002070,0.33,0.01,0.95,-28.61,-10.64,6.87
0.002080,0.34,0.03,0.93,-35.68,-11.08,8.55
0.002100,0.37,-0.01,0.91,-40.17,-9.80,10.29
0.002110,0.36,-0.04,0.88,-38.85,-0.02,9.56
0.002120,0.32,-0.06,0.88,-38.92,4.82,9.54
0.002140,0.29,-0.07,0.89,-42.41,3.69,9.89
0.002150,0.29,-0.07,0.91,-44.21,2.02,7.82
0.002160,0.30,-0.09,0.91,-45.04,-0.81,6.61
0.002180,0.32,-0.10,0.90,-44.72,-3.56,6.75
0.002190,0.33,-0.13,0.89,-43.01,-6.35,6.95
0.002200,0.34,-0.12,0.85,-40.75,-1.11,7.59
0.002220,0.35,-0.15,0.86,-35.97,4.49,4.81
0.002230,0.34,-0.15,0.86,-34.53,2.99,9.65
0.002240,0.34,-0.19,0.87,-26.70,3.05,9.10
0.002260,0.32,-0.18,0.90,-22.99,-1.44,10.44
0.002270,0.30,-0.16,0.92,-18.89,-9.04,11.98
0.002280,0.28,-0.17,0.92,-16.93,-16.44,10.82
0.002300,0.32,-0.18,0.93,-16.52,-20.46,9.44
0.002310,0.35,-0.16,0.95,-17.31,-16.93,9.21
0.002330,0.38,-0.15,0.97,-18.00,-8.50,7.82
0.002340,0.39,-0.17,1.00,-20.05,-1.65,6.56
0.002350,0.36,-0.15,1.01,-25.65,-4.75,10.41
0.002370,0.36,-0.14,1.03,-30.00,-8.37,11.83
0.002380,0.37,-0.16,1.01,-35.01,-12.27,13.01
0.002390,0.35,-0.17,1.01,-38.03,-16.24,12.32
0.002410,0.38,-0.19,1.00,-40.67,-13.53,9.76
0.002420,0.40,-0.18,0.99,-42.05,-3.95,4.73
0.002430,0.43,-0.17,1.00,-48.64,4.92,3.05
0.002450,0.43,-0.18,1.02,-49.83,7.39,2.24
0.002460,0.43,-0.19,1.03,-51.62,5.63,3.25
0.002470,0.43,-0.21,1.01,-53.68,3.34,4.98
0.002490,0.44,-0.19,1.01,-56.29,1.92,6.69
0.002500,0.45,-0.20,1.00,-57.51,2.05,7.91
0.002510,0.47,-0.23,0.99,-57.62,4.43,7.69
0.002530,0.49,-0.22,0.99,-56.06,10.02,7.50
0.002540,0.48,-0.22,1.02,-56.76,12.29,10.21
0.002550,0.47,-0.23,1.01,-59.04,11.34,14.02
0.002570,0.44,-0.25,0.99,-61.53,11.48,16.50
0.002580,0.42,-0.27,0.98,-60.67,8.46,18.52
0.002600,0.42,-0.29,0.99,-59.07,6.69,19.11
0.002610,0.40,-0.28,0.99,-58.08,8.58,19.33
0.002620,0.38,-0.31,1.01,-57.69,6.81,19.19
0.002640,0.35,-0.31,1.02,-58.81,2.46,19.73
0.002650,0.33,-0.30,1.02,-59.69,0.37,18.61
0.002660,0.33,-0.35,0.97,-62.00,-4.96,20.76
0.002680,0.31,-0.36,0.93,-63.02,-6.44,19.80
0.002690,0.33,-0.40,0.87,-63.40,-6.23,18.26
0.002700,0.32,-0.41,0.85,-61.51,-1.71,17.62
0.002720,0.34,-0.47,0.79,-58.20,7.69,12.41
0.002730,0.30,-0.47,0.81,-57.59,6.61,13.66
0.002740,0.30,-0.50,0.80,-55.19,6.08,10.47
0.002760,0.30,-0.54,0.78,-52.17,5.15,10.79
0.002770,0.31,-0.53,0.79,-54.02,10.52,8.93
0.002780,0.29,-0.47,0.81,-54.29,14.75,4.34
0.002800,0.29,-0.47,0.81,-58.53,22.44,-2.40
0.002810,0.30,-0.46,0.79,-64.60,19.02,-3.01
0.002820,0.33,-0.47,0.72,-68.81,17.79,-2.14
0.002840,0.34,-0.50,0.69,-68.81,12.29,1.85
0.002850,0.35,-0.56,0.64,-67.45,5.97,9.94
0.002860,0.31,-0.61,0.58,-62.17,0.12,17.47
0.002880,0.28,-0.63,0.53,-55.94,-2.43,21.91
0.002890,0.21,-0.64,0.55,-51.45,-3.95,23.91
0.002910,0.17,-0.64,0.56,-47.04,-6.67,24.85
0.002920,0.15,-0.69,0.54,-42.44,-7.25,24.21
0.002930,0.13,-0.74,0.54,-36.72,-9.60,22.26
0.002950,0.16,-0.73,0.58,-32.67,-6.14,20.08
0.002960,0.13,-0.73,0.61,-32.20,-4.11,17.71
0.002970,0.08,-0.72,0.61,-33.80,-9.19,17.31
0.002990,0.07,-0.75,0.56,-35.48,-15.11,16.34
0.003000,0.08,-0.79,0.53,-34.96,-19.33,12.79
0.003010,0.11,-0.82,0.48,-34.15,-16.67,6.34
0.003030,0.16,-0.85,0.42,-29.95,-12.53,3.65
0.003040,0.20,-0.87,0.42,-22.93,-3.82,2.15
0.003050,0.22,-0.87,0.50,-13.74,1.66,3.59
0.003070,0.17,-0.77,0.59,-12.85,1.56,7.01
0.003080,0.11,-0.71,0.60,-20.12,-8.15,12.21
0.003090,0.09,-0.80,0.48,-27.98,-7.27,12.17
0.003110,0.07,-0.93,0.40,-27.95,-4.18,7.56
0.003120,0.08,-0.97,0.35,-22.81,-5.65,4.87
0.003130,0.07,-0.97,0.28,-15.45,-3.51,2.09
0.003150,0.03,-0.99,0.28,-10.15,-1.36,1.25
0.003160,-0.02,-0.98,0.25,-7.28,-4.79,0.32
0.003180,-0.02,-0.96,0.21,-5.54,-0.37,-5.24
0.003190,-0.01,-0.98,0.21,4.23,9.65,-17.62
0.003200,0.04,-1.01,0.29,15.05,15.13,-28.99
0.003220,0.06,-0.91,0.39,20.14,14.70,-36.09
0.003230,0.13,-0.90,0.41,20.79,12.52,-37.76
0.003240,0.19,-0.86,0.42,24.44,8.23,-35.88
0.003260,0.22,-0.78,0.45,23.21,5.56,-32.02
0.003270,0.27,-0.78,0.44,21.62,4.79,-26.23
0.003280,0.28,-0.83,0.47,27.48,7.97,-21.86
0.003300,0.27,-0.81,0.55,33.63,7.50,-19.82
0.003310,0.27,-0.76,0.64,36.66,9.57,-21.86
0.003320,0.22,-0.70,0.73,33.34,8.67,-25.13
0.003340,0.23,-0.67,0.70,24.85,8.50,-28.02
0.003350,0.26,-0.71,0.61,21.65,8.70,-30.44
0.003360,0.32,-0.74,0.56,23.71,12.52,-32.21
0.003380,0.37,-0.71,0.54,29.85,17.44,-32.55
0.003390,0.40,-0.68,0.62,37.82,21.33,-29.79
0.003400,0.35,-0.61,0.72,43.51,19.65,-25.51
0.003420,0.29,-0.57,0.80,47.02,7.34,-21.10
0.003430,0.29,-0.52,0.85,44.79,-7.22,-16.81
0.003450,0.32,-0.54,0.84,40.72,-13.24,-16.23
0.003460,0.38,-0.56,0.79,38.40,-13.76,-15.01
0.003470,0.41,-0.59,0.75,38.64,-14.05,-11.13
0.003490,0.42,-0.58,0.72,39.89,-14.21,-6.00
0.003500,0.39,-0.56,0.73,44.29,-9.66,-4.41
0.003510,0.35,-0.52,0.81,43.79,-7.94,-6.29
0.003530,0.34,-0.51,0.82,39.76,-5.04,-8.64
0.003540,0.34,-0.56,0.81,38.24,-6.11,-10.32
0.003550,0.38,-0.62,0.75,39.94,-9.51,-9.65
0.003570,0.43,-0.61,0.74,43.95,-7.42,-9.50
0.003580,0.44,-0.55,0.81,45.22,-0.27,-10.95
0.003590,0.43,-0.49,0.89,39.63,5.13,-10.34
0.003610,0.40,-0.44,0.92,39.77,-2.38,-9.10
0.003620,0.36,-0.45,0.90,36.31,-19.07,-1.76
0.003630,0.36,-0.53,0.79,36.76,-41.53,6.81
0.003650,0.34,-0.58,0.71,45.89,-64.92,11.36
0.003660,0.43,-0.54,0.71,56.24,-71.15,8.63
0.003670,0.55,-0.44,0.79,56.41,-34.82,-5.24
0.003690,0.54,-0.38,0.85,47.85,-1.60,-14.17
0.003700,0.48,-0.41,0.80,40.84,6.49,-13.94
0.003720,0.44,-0.44,0.73,39.83,-0.66,-8.96
0.003730,0.45,-0.46,0.73,46.55,-9.57,-4.08
0.003740,0.47,-0.40,0.80,53.37,-13.50,0.52
0.003760,0.43,-0.36,0.84,55.33,-16.18,5.56
0.003770,0.36,-0.37,0.80,53.05,-20.32,10.40
0.003780,0.33,-0.38,0.75,50.11,-27.39,14.26
0.003800,0.34,-0.43,0.74,49.98,-19.98,9.60
0.003810,0.30,-0.42,0.76,52.15,-8.29,-0.79
0.003820,0.31,-0.38,0.77,54.29,-7.01,-6.70
0.003840,0.33,-0.38,0.79,57.08,-8.02,-7.97
0.003850,0.30,-0.34,0.82,57.31,-12.93,-6.12
0.003860,0.31,-0.33,0.81,54.93,-13.16,-8.84
0.003880,0.34,-0.32,0.81,52.70,-5.50,-14.85
0.003890,0.35,-0.30,0.83,52.00,1.34,-19.77
0.003900,0.38,-0.28,0.86,53.80,3.56,-22.18
0.003920,0.39,-0.22,0.91,53.18,2.43,-21.40
0.003930,0.42,-0.19,0.93,50.70,-0.44,-18.14
0.003940,0.42,-0.18,0.96,46.53,-1.24,-15.34
0.003960,0.44,-0.16,0.97,40.21,3.22,-13.53
0.003970,0.44,-0.17,0.97,38.75,5.80,-16.06
0.003980,0.46,-0.17,0.97,37.82,16.84,-17.77
0.004000,0.46,-0.13,1.01,38.90,16.52,-17.83
0.004010,0.48,-0.10,1.04,37.68,17.22,-17.68
0.004030,0.53,-0.09,1.10,36.90,17.63,-16.09
0.004040,0.51,-0.06,1.06,36.31,9.65,-7.95
0.004050,0.47,-0.06,1.09,32.27,0.08,-0.14
0.004070,0.47,-0.06,1.13,31.88,1.82,4.00
0.004080,0.46,-0.08,1.14,28.41,-1.34,6.81
0.004090,0.41,-0.09,1.11,29.30,6.18,5.19
0.004110,0.39,-0.08,1.10,30.61,13.44,0.67
0.004120,0.36,-0.11,1.06,26.21,12.17,-3.62
0.004130,0.39,-0.12,1.00,24.31,12.11,-3.11
0.004150,0.38,-0.13,0.99,29.57,9.16,-7.71
0.004160,0.38,-0.10,1.02,29.36,5.15,-4.70
0.004170,0.39,-0.09,1.04,32.03,5.13,-9.39
0.004190,0.37,-0.07,1.06,30.21,2.38,-9.53
0.004200,0.41,-0.05,1.06,25.68,1.13,-6.60
0.004210,0.41,-0.07,1.03,26.99,-1.56,-9.56
0.004230,0.43,-0.08,0.98,26.47,-0.72,-8.69
0.004240,0.40,-0.13,0.96,27.57,-0.60,-7.18
0.004250,0.39,-0.07,0.98,31.73,0.82,-6.29
0.004270,0.36,-0.07,1.00,33.73,0.64,-7.13
0.004280,0.34,-0.04,0.98,32.72,-4.17,-7.76
0.004290,0.33,-0.03,0.94,32.66,-9.25,-8.00
0.004310,0.34,-0.03,0.90,33.74,-15.79,-7.50
0.004320,0.36,-0.04,0.88,36.95,-17.97,-7.42
0.004330,0.38,-0.05,0.88,39.22,-17.91,-8.63
0.004350,0.41,-0.04,0.90,41.34,-12.66,-9.91
0.004360,0.37,-0.02,0.94,42.56,-13.40,-8.61
0.004370,0.35,0.01,0.96,40.70,-18.14,-9.42
0.004390,0.37,-0.02,1.01,36.70,-17.25,-10.03
0.004400,0.38,0.05,0.95,30.11,-19.10,-10.56
0.004420,0.38,0.01,0.89,34.24,-13.69,-15.08
0.004430,0.47,0.05,0.98,27.56,-14.73,-14.93
0.004440,0.44,0.03,0.97,39.37,0.81,-20.34
0.004460,0.43,0.12,1.05,32.24,-9.79,-16.32
0.004470,0.46,0.15,1.02,16.73,-22.49,-11.40
0.004480,0.50,0.12,1.06,3.48,-23.10,-1.92
0.004500,0.43,0.15,0.98,-8.98,-26.46,0.18
0.004510,0.46,0.07,0.97,-23.02,-24.69,-5.88
0.004520,0.48,0.10,0.98,-21.40,-21.98,-1.51
0.004540,0.48,0.04,1.01,-22.23,-21.85,-4.52
0.004550,0.50,0.06,1.06,-11.69,-18.44,-11.11
0.004560,0.50,0.25,1.07,-0.26,-23.53,-4.15
0.004580,0.49,0.08,1.02,8.17,-29.85,-10.00
0.004590,0.53,0.07,0.98,14.64,-36.75,-7.19
0.004600,0.57,0.07,0.95,23.18,-29.80,-6.90
0.004620,0.56,0.07,0.95,31.28,-19.24,-8.06
0.004630,0.54,0.08,0.96,37.08,-7.71,-10.85
0.004640,0.54,0.10,0.99,39.91,-0.55,-13.02
0.004660,0.52,0.12,1.02,39.31,0.41,-13.86
0.004670,0.51,0.15,1.02,37.25,-3.40,-12.93
0.004680,0.52,0.18,1.04,29.18,-3.59,-10.58
0.004700,0.56,0.17,0.97,26.29,-5.71,-9.31
0.004710,0.59,0.15,0.98,20.29,1.85,-5.74
0.004720,0.56,0.17,0.98,19.83,8.79,-0.26
0.004740,0.53,0.15,1.02,11.13,10.20,-3.73
0.004750,0.50,0.15,1.06,0.66,11.10,-3.18
0.004760,0.51,0.17,1.07,-3.73,14.64,-1.39
0.004780,0.49,0.16,1.04,-1.08,21.13,-1.34
0.004790,0.45,0.16,1.00,-1.37,23.45,-2.20
0.004800,0.45,0.16,0.97,-1.54,23.50,-3.36
0.004820,0.46,0.11,1.02,2.63,20.73,-5.74
0.004830,0.46,0.12,0.98,13.39,17.62,-5.45
0.004840,0.47,0.15,1.04,13.56,11.15,-11.48
0.004860,0.46,0.18,1.06,22.95,13.92,-6.92
0.004870,0.45,0.20,1.10,14.05,1.47,-4.96
0.004880,0.45,0.19,1.13,-1.21,-9.07,-5.50
0.004900,0.46,0.18,1.09,-3.66,-8.02,-4.84
0.004910,0.47,0.18,1.08,3.73,-2.87,-4.70
0.004920,0.47,0.18,1.06,4.52,-1.16,-5.18
0.004940,0.48,0.19,1.06,-0.35,-2.92,-4.96
0.004950,0.49,0.19,1.07,-6.44,-7.34,-4.14
0.004960,0.52,0.19,1.03,-9.42,-6.76,-2.41
0.004980,0.51,0.17,1.03,-8.60,-5.56,0.98
0.004990,0.52,0.17,1.05,-6.40,0.47,2.93
0.005000,0.49,0.16,1.08,-5.47,7.69,2.02
0.005020,0.54,0.16,1.09,-5.95,14.50,0.66
0.005030,0.48,0.15,1.01,-4.85,10.98,-1.71
0.005040,0.49,0.16,1.08,-8.93,7.45,-5.53
0.005060,0.46,0.12,1.07,7.08,19.50,-3.77
0.005070,0.44,0.12,1.10,10.05,9.04,-6.43
0.005080,0.45,0.13,1.13,6.03,1.95,-9.92
0.005100,0.47,0.13,1.15,2.32,-3.88,-12.46
0.005110,0.51,0.14,1.14,2.53,-6.81,-12.00
0.005120,0.52,0.15,1.10,6.34,-5.02,-11.63
0.005140,0.56,0.16,1.08,7.82,-1.04,-10.08
0.005150,0.55,0.16,1.07,8.26,1.45,-8.70
0.005160,0.51,0.16,1.06,8.29,1.62,-7.71
0.005180,0.51,0.17,1.06,8.43,1.08,-8.14
0.005190,0.52,0.18,1.04,8.70,-0.21,-7.92
0.005200,0.53,0.19,1.07,9.74,-0.84,-5.18
0.005220,0.52,0.19,1.06,8.98,-0.05,-2.17
0.005230,0.48,0.19,1.08,6.23,-1.79,-0.46
0.005240,0.46,0.19,1.08,3.89,-2.55,0.76
0.005260,0.44,0.19,1.05,1.08,-3.10,-0.34
0.005270,0.42,0.19,1.02,-0.50,-6.47,-2.08
0.005280,0.43,0.18,0.99,-1.30,-7.13,-2.78
0.005300,0.43,0.18,0.94,-0.82,-7.19,-3.62
0.005310,0.45,0.18,0.93,1.04,-7.19,-4.47
0.005320,0.46,0.20,0.97,2.87,-8.34,-2.98
0.005340,0.47,0.19,1.00,3.05,-9.65,0.15
0.005350,0.47,0.20,1.03,-0.23,-11.13,2.02
0.005360,0.44,0.19,1.02,-3.94,-10.73,2.08
0.005380,0.45,0.18,1.03,-4.76,-4.58,1.59
0.005390,0.45,0.19,1.03,-5.05,1.62,0.38
0.005400,0.43,0.19,1.03,-5.94,3.88,-0.50
0.005420,0.45,0.19,1.03,-7.51,3.24,0.11
0.005430,0.44,0.18,1.02,-8.05,2.70,0.50
0.005440,0.43,0.17,1.04,-8.73,2.05,0.06
0.005460,0.44,0.18,1.04,-9.07,2.26,-0.29
0.005470,0.42,0.17,1.04,-9.98,-0.29,-0.61
0.005480,0.42,0.16,1.02,-12.38,-5.71,-0.92
0.005500,0.42,0.15,0.96,-13.85,-8.72,-2.26
0.005510,0.44,0.15,0.95,-12.66,-6.90,-3.86
0.005520,0.45,0.16,0.95,-10.29,-2.70,-3.21
0.005540,0.45,0.15,0.94,-9.74,-0.92,-2.64
0.005550,0.45,0.14,0.93,-10.40,-0.53,-3.16
0.005560,0.46,0.14,0.92,-9.28,0.95,-3.21
0.005580,0.46,0.15,0.93,-7.11,3.77,-2.21
0.005590,0.44,0.15,0.93,-6.44,2.18,-2.29
0.005600,0.43,0.15,0.94,-6.27,0.40,-1.39
0.005620,0.41,0.15,0.93,-6.73,-2.89,-1.74
0.005630,0.43,0.15,0.90,-6.06,-4.14,-2.55
0.005640,0.44,0.15,0.91,-2.70,-1.92,-1.74
0.005660,0.43,0.15,0.92,-0.43,-2.20,-2.00
0.005670,0.44,0.16,0.93,1.37,1.97,-1.82
0.005680,0.43,0.15,0.96,2.29,4.89,-1.63
0.005700,0.43,0.15,0.97,2.55,4.50,-1.66
0.005710,0.43,0.15,0.99,3.82,3.34,-2.17
0.005720,0.43,0.15,1.01,5.63,2.18,-2.61
0.005740,0.42,0.15,1.02,5.08,-0.61,-2.89
0.005750,0.43,0.15,1.03,4.15,-2.24,-2.29
0.005760,0.42,0.16,1.02,3.51,-4.12,-2.73
0.005780,0.44,0.16,0.99,4.37,-4.02,-3.24
0.005790,0.45,0.16,0.99,5.28,-3.18,-3.98
0.005800,0.44,0.16,1.00,6.20,-3.08,-4.60
0.005820,0.47,0.16,1.01,6.14,-2.34,-4.49
0.005830,0.47,0.18,1.04,4.52,-0.05,-3.73
0.005840,0.49,0.18,1.04,1.57,4.67,-1.21
0.005860,0.47,0.18,1.03,-0.78,5.57,1.21
0.005870,0.45,0.17,1.00,-3.27,2.14,1.86
0.005880,0.44,0.17,0.96,-4.20,-0.05,1.50
0.005900,0.45,0.17,0.96,-3.66,0.98,1.89
0.005910,0.45,0.18,0.94,-3.22,1.28,2.75
0.005920,0.46,0.18,0.95,-4.66,0.52,3.39
0.005930,0.46,0.18,0.94,-5.24,-0.08,4.87
0.005950,0.46,0.18,0.95,-4.84,-0.12,6.98
0.005960,0.44,0.18,0.95,-4.23,-2.31,7.73
0.005970,0.44,0.18,0.97,-4.35,-2.49,7.54
0.005990,0.44,0.17,0.98,-4.21,-1.04,8.15
0.006000,0.42,0.17,0.98,-5.05,-2.08,7.80
0.006010,0.41,0.16,0.97,-4.55,-3.56,6.47
0.006030,0.40,0.17,0.97,-2.52,-6.87,5.44
0.006040,0.42,0.16,0.98,-1.02,-8.82,5.34
0.006050,0.42,0.17,0.97,-1.53,-10.27,4.08
0.006070,0.44,0.17,0.98,-2.00,-10.41,3.27
0.006080,0.46,0.17,0.98,-0.99,-4.96,4.00
0.006090,0.47,0.18,0.99,-0.64,0.52,5.22
0.006110,0.45,0.18,0.99,-0.27,0.90,6.73
0.006120,0.44,0.18,1.00,-0.67,-2.12,7.65
0.006130,0.42,0.18,1.02,-1.76,-6.17,7.54
0.006150,0.42,0.17,0.99,-2.78,-9.01,7.02
0.006160,0.42,0.15,0.96,-2.64,-12.23,6.05
0.006170,0.43,0.15,0.95,-1.11,-13.88,5.02
0.006190,0.45,0.14,0.96,0.40,-9.88,4.12
0.006200,0.46,0.15,0.97,0.99,-2.63,3.85
0.006210,0.44,0.16,0.98,-0.38,-0.55,3.77
0.006230,0.44,0.15,0.97,-0.72,-2.09,3.68
0.006240,0.43,0.15,0.96,-0.40,-5.22,3.36
0.006250,0.44,0.14,0.97,-0.24,-7.54,3.54
0.006270,0.45,0.14,0.98,-0.47,-7.33,3.15
0.006280,0.44,0.14,0.98,-0.55,-6.18,2.09
0.006290,0.45,0.14,0.99,-0.58,-4.24,1.37
0.006310,0.46,0.14,1.01,-0.29,-1.97,1.18
0.006320,0.46,0.14,1.01,-0.76,-0.63,1.37
0.006330,0.45,0.15,1.01,-2.08,-2.52,1.01
0.006350,0.44,0.14,1.00,-3.77,-6.27,0.55
0.006360,0.44,0.14,0.99,-3.71,-8.85,0.53
0.006370,0.44,0.14,0.99,-3.91,-9.27,-0.47
0.006390,0.46,0.14,0.99,-3.56,-7.33,-1.07
0.006400,0.46,0.14,0.98,-3.02,-6.58,-0.56
0.006410,0.46,0.15,1.01,-3.53,-5.89,-0.05
0.006430,0.46,0.15,1.01,-4.99,-6.47,0.20
0.006440,0.45,0.14,0.99,-6.56,-7.66,0.18
0.006450,0.45,0.14,0.97,-6.87,-10.63,-0.40
0.006470,0.45,0.14,0.97,-6.23,-11.57,-0.95
0.006480,0.48,0.14,0.96,-5.85,-9.19,-0.27
0.006490,0.47,0.14,0.96,-6.11,-6.89,0.02
0.006510,0.48,0.14,0.95,-6.29,-5.54,1.21
0.006520,0.46,0.14,0.94,-5.86,-5.95,1.16
0.006530,0.46,0.13,0.94,-4.99,-7.01,0.53
0.006550,0.47,0.13,0.94,-3.65,-7.74,0.12
0.006560,0.48,0.13,0.95,-2.32,-8.03,0.32
0.006570,0.48,0.13,0.94,-1.47,-10.64,-0.99
0.006590,0.50,0.14,0.94,-0.72,-11.11,-0.15
0.006600,0.53,0.15,0.96,0.63,-8.21,2.66
0.006610,0.52,0.14,0.96,0.47,-5.48,5.71
0.006630,0.51,0.14,0.96,0.15,-4.49,8.75
0.006640,0.48,0.12,0.96,0.76,-4.93,9.37
0.006650,0.47,0.12,0.96,1.82,-4.38,8.47
0.006670,0.47,0.11,0.95,2.98,-3.95,7.69
0.006680,0.46,0.11,0.95,3.19,-4.50,7.11
